200 3 20
1 1 1 30 15 3 1
2 3 3 30 15 4 2
3 1 5 70 15 2 3
4 3 5 50 15 2 3
5 1 6 40 15 5 4
6 3 6 50 15 3 1
7 1 7 20 15 4 2
8 1 7 30 15 2 3
9 3 7 30 15 5 4
10 1 7 60 15 3 1
11 3 8 20 15 4 2
12 1 8 30 15 2 3
13 5 10 30 15 5 4
14 1 11 30 15 3 1
15 4 11 15 4 2 6
16 3 12 30 15 2 3
17 1 12 50 15 5 4
18 4 13 30 15 3 1
19 3 14 10 15 4 2
20 5 15 30 15 2 3
21 1 16 30 15 3 1
22 3 17 30 15 2 3
23 1 18 30 15 5 4
24 1 19 30 15 3 1
25 3 20 30 15 4 2
26 1 21 30 15 2 3
27 1 22 30 15 5 4
28 3 23 30 15 3 1
29 1 24 30 15 4 2
30 3 25 30 15 2 3
-1