KTS S FD KD LT
71 1 14 28 42
72 2 8 16 24
72 3 7 14 21
78 4 3 6 9
89 5 13 26 39
90 6 10 20 30
94 7 19 38 57
95 8 23 46 69
95 9 1 2 3
95 10 6 12 18
95 11 18 36 54
95 12 22 44 66
95 13 7 14 21
96 14 11 22 33
96 15 16 32 48
96 16 6 12 18
97 17 20 40 60
97 18 24 48 72
98 19 11 22 33
99 20 15 30 45
102 21 21 42 63
102 22 7 14 21
102 23 12 24 36
103 24 7 14 21
103 25 8 16 24
103 26 17 34 51
104 27 12 24 36
105 28 5 10 15
105 29 25 50 75
107 30 5 10 15
T1_Total_Damage    T2_Total_Damage    T3_Total_Damage    T4_Total_Damage
208              	23           	269         	 169
Game is WIN
Total Enemies     =   30
Average First-Shot Delay     =   12.4333
Average kill Delay     =   24.8667